# Experiment 1: Static Optimality on Held-Out Corpora
# N_SEEDS=5 N_TRAIN_STEPS=15000 LR=0.008
# CHUNK_SIZE=30 CHUNK_OVERLAP=5
# PREFIX_LENGTHS=[3, 5, 8]
# block_size=32 n_embd=32 n_layer=2 n_head=4
# tau[alice]=0.010782721796370255
# tau[manifesto]=0.013304129787308251

corpus,T,seed,exact_ecology_k,k,s,seq_ce_balanced,model_context_loss,exact_bayes_loss,exact_entropy_floor,exact_js_excess,exact_excess_gap,exact_excess_ratio,approx_gap
alice,1,1,1,1,0,2.110062,2.98496,2.810544,2.810544,0.0,0.0,NaN,0.174416
alice,1,2,1,1,0,2.117025,2.986076,2.810544,2.810544,0.0,0.0,NaN,0.175531
alice,1,3,1,1,0,2.094357,2.993429,2.810544,2.810544,0.0,0.0,NaN,0.182885
alice,1,4,1,1,0,2.091634,2.99279,2.810544,2.810544,0.0,0.0,NaN,0.182246
alice,1,5,1,1,0,2.10541,2.994052,2.810544,2.810544,0.0,0.0,NaN,0.183507
alice,2,1,2,1,0,2.251882,2.962484,2.805469,2.741491,0.06397816,0.06397816,1.0,0.157015
alice,2,2,2,1,0,2.396459,2.959418,2.805469,2.741491,0.06397816,0.06397816,1.0,0.153949
alice,2,3,2,1,0,2.309106,2.95019,2.805469,2.741491,0.06397816,0.06397816,1.0,0.144721
alice,2,4,2,2,1,2.229771,2.958096,2.741491,2.741491,0.0,0.0,NaN,0.216606
alice,2,5,2,2,1,2.257937,2.954589,2.741491,2.741491,0.0,0.0,NaN,0.213098
alice,3,1,3,1,0,2.326782,2.920799,2.791893,2.713803,0.07809036,0.07809036,1.0,0.128906
alice,3,2,3,1,0,2.335059,2.914166,2.791893,2.713803,0.07809036,0.07809036,1.0,0.122273
alice,3,3,3,1,0,2.345308,2.917578,2.791893,2.713803,0.07809036,0.07809036,1.0,0.125685
alice,3,4,3,1,0,2.475123,2.929975,2.791893,2.713803,0.07809036,0.07809036,1.0,0.138082
alice,3,5,3,1,0,2.401441,2.936573,2.791893,2.713803,0.07809036,0.07809036,1.0,0.14468
alice,5,1,5,2,4,2.409241,2.869696,2.704799,2.614187,0.09061126,0.09061126,1.0,0.164898
alice,5,2,5,2,4,2.41117,2.860481,2.704799,2.614187,0.09061126,0.09061126,1.0,0.155682
alice,5,3,5,2,5,2.418744,2.865279,2.704799,2.614187,0.09061126,0.09061126,1.0,0.16048
alice,5,4,5,2,5,2.403005,2.862353,2.704799,2.614187,0.09061126,0.09061126,1.0,0.157554
alice,5,5,5,2,4,2.425829,2.860067,2.704799,2.614187,0.09061126,0.09061126,1.0,0.155269
manifesto,1,1,1,1,0,1.95839,3.007433,2.769423,2.769423,0.0,0.0,NaN,0.238011
manifesto,1,2,1,1,0,1.985205,3.01628,2.769423,2.769423,0.0,0.0,NaN,0.246858
manifesto,1,3,1,1,0,1.949671,3.020367,2.769423,2.769423,0.0,0.0,NaN,0.250944
manifesto,1,4,1,1,0,1.936406,3.002481,2.769423,2.769423,0.0,0.0,NaN,0.233058
manifesto,1,5,1,1,0,1.933224,3.005315,2.769423,2.769423,0.0,0.0,NaN,0.235893
manifesto,2,1,2,2,1,2.034702,2.979344,2.690381,2.690381,0.0,0.0,NaN,0.288963
manifesto,2,2,2,1,0,2.046026,2.934341,2.731426,2.690381,0.04104502,0.04104502,1.0,0.202915
manifesto,2,3,2,2,1,2.025567,2.939047,2.690381,2.690381,0.0,0.0,NaN,0.248666
manifesto,2,4,2,1,0,2.04829,2.959728,2.731426,2.690381,0.04104502,0.04104502,1.0,0.228302
manifesto,2,5,2,1,0,2.056414,2.936701,2.731426,2.690381,0.04104502,0.04104502,1.0,0.205275
manifesto,3,1,3,1,0,2.223146,2.932172,2.748914,2.671032,0.07788172,0.07788172,1.0,0.183258
manifesto,3,2,3,1,0,2.152838,2.919514,2.748914,2.671032,0.07788172,0.07788172,1.0,0.1706
manifesto,3,3,3,1,0,2.170991,2.927871,2.748914,2.671032,0.07788172,0.07788172,1.0,0.178957
manifesto,3,4,3,1,0,2.197343,2.92032,2.748914,2.671032,0.07788172,0.07788172,1.0,0.171406
manifesto,3,5,3,1,0,2.164071,2.924007,2.748914,2.671032,0.07788172,0.07788172,1.0,0.175093
manifesto,5,1,5,2,6,2.269503,2.868391,2.647506,2.54528,0.10222552,0.10222552,1.0,0.220885
manifesto,5,2,5,2,6,2.301267,2.885572,2.647506,2.54528,0.10222552,0.10222552,1.0,0.238066
manifesto,5,3,5,2,5,2.286214,2.873505,2.647506,2.54528,0.10222552,0.10222552,1.0,0.225999
manifesto,5,4,5,2,6,2.276301,2.873941,2.647506,2.54528,0.10222552,0.10222552,1.0,0.226435
manifesto,5,5,5,2,6,2.297271,2.880341,2.647506,2.54528,0.10222552,0.10222552,1.0,0.232835

# Full distance matrices (seed 1 only)
# corpus=alice T=1 D_full:
# english,french,german,italian,finnish
0.0,0.005648,0.006242,0.015173,0.025485
0.005648,0.0,0.006334,0.009818,0.020197
0.006242,0.006334,0.0,0.013025,0.024856
0.015173,0.009818,0.013025,0.0,0.013075
0.025485,0.020197,0.024856,0.013075,0.0

# corpus=alice T=2 D_full:
# english,french,german,italian,finnish
0.0,0.010781,0.00469,0.013615,0.019474
0.010781,0.0,0.008081,0.007263,0.01542
0.00469,0.008081,0.0,0.010451,0.015771
0.013615,0.007263,0.010451,0.0,0.01009
0.019474,0.01542,0.015771,0.01009,0.0

# corpus=alice T=3 D_full:
# english,french,german,italian,finnish
0.0,0.005475,0.005786,0.010501,0.018455
0.005475,0.0,0.009718,0.007757,0.016567
0.005786,0.009718,0.0,0.010165,0.016789
0.010501,0.007757,0.010165,0.0,0.009531
0.018455,0.016567,0.016789,0.009531,0.0

# corpus=alice T=5 D_full:
# english,french,german,italian,finnish
0.0,0.003935,0.003288,0.009976,0.031104
0.003935,0.0,0.006043,0.00488,0.022882
0.003288,0.006043,0.0,0.009366,0.032168
0.009976,0.00488,0.009366,0.0,0.020853
0.031104,0.022882,0.032168,0.020853,0.0

# corpus=manifesto T=1 D_full:
# english,french,german,italian,finnish
0.0,0.012223,0.01724,0.029757,0.025298
0.012223,0.0,0.006814,0.019661,0.025096
0.01724,0.006814,0.0,0.026012,0.027328
0.029757,0.019661,0.026012,0.0,0.021682
0.025298,0.025096,0.027328,0.021682,0.0

# corpus=manifesto T=2 D_full:
# english,french,german,italian,finnish
0.0,0.014944,0.01398,0.02633,0.017226
0.014944,0.0,0.008423,0.017824,0.020427
0.01398,0.008423,0.0,0.021488,0.020231
0.02633,0.017824,0.021488,0.0,0.015363
0.017226,0.020427,0.020231,0.015363,0.0

# corpus=manifesto T=3 D_full:
# english,french,german,italian,finnish
0.0,0.009413,0.008086,0.019392,0.016256
0.009413,0.0,0.009194,0.013,0.016803
0.008086,0.009194,0.0,0.019253,0.01342
0.019392,0.013,0.019253,0.0,0.013994
0.016256,0.016803,0.01342,0.013994,0.0

# corpus=manifesto T=5 D_full:
# english,french,german,italian,finnish
0.0,0.007521,0.006178,0.017452,0.039419
0.007521,0.0,0.006359,0.009954,0.032214
0.006178,0.006359,0.0,0.014497,0.032664
0.017452,0.009954,0.014497,0.0,0.02864
0.039419,0.032214,0.032664,0.02864,0.0

